{
  "nbformat": 4,
  "nbformat_minor": 0,
  "metadata": {
    "colab": {
      "provenance": []
    },
    "kernelspec": {
      "name": "python3",
      "display_name": "Python 3"
    },
    "language_info": {
      "name": "python"
    }
  },
  "cells": [
    {
      "cell_type": "markdown",
      "source": [
        "### SETUP & IMPORTS"
      ],
      "metadata": {
        "id": "8pgbpVnco9mJ"
      }
    },
    {
      "cell_type": "code",
      "execution_count": null,
      "metadata": {
        "id": "nx5WqE9_kNV_"
      },
      "outputs": [],
      "source": [
        "# Import required libraries and packages\n",
        "import pandas as pd\n",
        "import numpy as np\n",
        "import seaborn as sns\n",
        "import matplotlib.pyplot as plt\n",
        "from sklearn.metrics import precision_recall_curve\n",
        "from sklearn.metrics import confusion_matrix\n"
      ]
    },
    {
      "cell_type": "code",
      "source": [
        "# Import files\n",
        "from google.colab import files\n",
        "upload=files.upload()\n",
        "\n"
      ],
      "metadata": {
        "colab": {
          "base_uri": "https://localhost:8080/",
          "height": 177
        },
        "id": "CmxgkMjYn8IU",
        "outputId": "a2f221fa-cbc3-4344-b37b-01dab69ed918"
      },
      "execution_count": null,
      "outputs": [
        {
          "output_type": "display_data",
          "data": {
            "text/plain": [
              "<IPython.core.display.HTML object>"
            ],
            "text/html": [
              "\n",
              "     <input type=\"file\" id=\"files-f94bd145-6c63-421d-8ced-f1dc093e0602\" name=\"files[]\" multiple disabled\n",
              "        style=\"border:none\" />\n",
              "     <output id=\"result-f94bd145-6c63-421d-8ced-f1dc093e0602\">\n",
              "      Upload widget is only available when the cell has been executed in the\n",
              "      current browser session. Please rerun this cell to enable.\n",
              "      </output>\n",
              "      <script>// Copyright 2017 Google LLC\n",
              "//\n",
              "// Licensed under the Apache License, Version 2.0 (the \"License\");\n",
              "// you may not use this file except in compliance with the License.\n",
              "// You may obtain a copy of the License at\n",
              "//\n",
              "//      http://www.apache.org/licenses/LICENSE-2.0\n",
              "//\n",
              "// Unless required by applicable law or agreed to in writing, software\n",
              "// distributed under the License is distributed on an \"AS IS\" BASIS,\n",
              "// WITHOUT WARRANTIES OR CONDITIONS OF ANY KIND, either express or implied.\n",
              "// See the License for the specific language governing permissions and\n",
              "// limitations under the License.\n",
              "\n",
              "/**\n",
              " * @fileoverview Helpers for google.colab Python module.\n",
              " */\n",
              "(function(scope) {\n",
              "function span(text, styleAttributes = {}) {\n",
              "  const element = document.createElement('span');\n",
              "  element.textContent = text;\n",
              "  for (const key of Object.keys(styleAttributes)) {\n",
              "    element.style[key] = styleAttributes[key];\n",
              "  }\n",
              "  return element;\n",
              "}\n",
              "\n",
              "// Max number of bytes which will be uploaded at a time.\n",
              "const MAX_PAYLOAD_SIZE = 100 * 1024;\n",
              "\n",
              "function _uploadFiles(inputId, outputId) {\n",
              "  const steps = uploadFilesStep(inputId, outputId);\n",
              "  const outputElement = document.getElementById(outputId);\n",
              "  // Cache steps on the outputElement to make it available for the next call\n",
              "  // to uploadFilesContinue from Python.\n",
              "  outputElement.steps = steps;\n",
              "\n",
              "  return _uploadFilesContinue(outputId);\n",
              "}\n",
              "\n",
              "// This is roughly an async generator (not supported in the browser yet),\n",
              "// where there are multiple asynchronous steps and the Python side is going\n",
              "// to poll for completion of each step.\n",
              "// This uses a Promise to block the python side on completion of each step,\n",
              "// then passes the result of the previous step as the input to the next step.\n",
              "function _uploadFilesContinue(outputId) {\n",
              "  const outputElement = document.getElementById(outputId);\n",
              "  const steps = outputElement.steps;\n",
              "\n",
              "  const next = steps.next(outputElement.lastPromiseValue);\n",
              "  return Promise.resolve(next.value.promise).then((value) => {\n",
              "    // Cache the last promise value to make it available to the next\n",
              "    // step of the generator.\n",
              "    outputElement.lastPromiseValue = value;\n",
              "    return next.value.response;\n",
              "  });\n",
              "}\n",
              "\n",
              "/**\n",
              " * Generator function which is called between each async step of the upload\n",
              " * process.\n",
              " * @param {string} inputId Element ID of the input file picker element.\n",
              " * @param {string} outputId Element ID of the output display.\n",
              " * @return {!Iterable<!Object>} Iterable of next steps.\n",
              " */\n",
              "function* uploadFilesStep(inputId, outputId) {\n",
              "  const inputElement = document.getElementById(inputId);\n",
              "  inputElement.disabled = false;\n",
              "\n",
              "  const outputElement = document.getElementById(outputId);\n",
              "  outputElement.innerHTML = '';\n",
              "\n",
              "  const pickedPromise = new Promise((resolve) => {\n",
              "    inputElement.addEventListener('change', (e) => {\n",
              "      resolve(e.target.files);\n",
              "    });\n",
              "  });\n",
              "\n",
              "  const cancel = document.createElement('button');\n",
              "  inputElement.parentElement.appendChild(cancel);\n",
              "  cancel.textContent = 'Cancel upload';\n",
              "  const cancelPromise = new Promise((resolve) => {\n",
              "    cancel.onclick = () => {\n",
              "      resolve(null);\n",
              "    };\n",
              "  });\n",
              "\n",
              "  // Wait for the user to pick the files.\n",
              "  const files = yield {\n",
              "    promise: Promise.race([pickedPromise, cancelPromise]),\n",
              "    response: {\n",
              "      action: 'starting',\n",
              "    }\n",
              "  };\n",
              "\n",
              "  cancel.remove();\n",
              "\n",
              "  // Disable the input element since further picks are not allowed.\n",
              "  inputElement.disabled = true;\n",
              "\n",
              "  if (!files) {\n",
              "    return {\n",
              "      response: {\n",
              "        action: 'complete',\n",
              "      }\n",
              "    };\n",
              "  }\n",
              "\n",
              "  for (const file of files) {\n",
              "    const li = document.createElement('li');\n",
              "    li.append(span(file.name, {fontWeight: 'bold'}));\n",
              "    li.append(span(\n",
              "        `(${file.type || 'n/a'}) - ${file.size} bytes, ` +\n",
              "        `last modified: ${\n",
              "            file.lastModifiedDate ? file.lastModifiedDate.toLocaleDateString() :\n",
              "                                    'n/a'} - `));\n",
              "    const percent = span('0% done');\n",
              "    li.appendChild(percent);\n",
              "\n",
              "    outputElement.appendChild(li);\n",
              "\n",
              "    const fileDataPromise = new Promise((resolve) => {\n",
              "      const reader = new FileReader();\n",
              "      reader.onload = (e) => {\n",
              "        resolve(e.target.result);\n",
              "      };\n",
              "      reader.readAsArrayBuffer(file);\n",
              "    });\n",
              "    // Wait for the data to be ready.\n",
              "    let fileData = yield {\n",
              "      promise: fileDataPromise,\n",
              "      response: {\n",
              "        action: 'continue',\n",
              "      }\n",
              "    };\n",
              "\n",
              "    // Use a chunked sending to avoid message size limits. See b/62115660.\n",
              "    let position = 0;\n",
              "    do {\n",
              "      const length = Math.min(fileData.byteLength - position, MAX_PAYLOAD_SIZE);\n",
              "      const chunk = new Uint8Array(fileData, position, length);\n",
              "      position += length;\n",
              "\n",
              "      const base64 = btoa(String.fromCharCode.apply(null, chunk));\n",
              "      yield {\n",
              "        response: {\n",
              "          action: 'append',\n",
              "          file: file.name,\n",
              "          data: base64,\n",
              "        },\n",
              "      };\n",
              "\n",
              "      let percentDone = fileData.byteLength === 0 ?\n",
              "          100 :\n",
              "          Math.round((position / fileData.byteLength) * 100);\n",
              "      percent.textContent = `${percentDone}% done`;\n",
              "\n",
              "    } while (position < fileData.byteLength);\n",
              "  }\n",
              "\n",
              "  // All done.\n",
              "  yield {\n",
              "    response: {\n",
              "      action: 'complete',\n",
              "    }\n",
              "  };\n",
              "}\n",
              "\n",
              "scope.google = scope.google || {};\n",
              "scope.google.colab = scope.google.colab || {};\n",
              "scope.google.colab._files = {\n",
              "  _uploadFiles,\n",
              "  _uploadFilesContinue,\n",
              "};\n",
              "})(self);\n",
              "</script> "
            ]
          },
          "metadata": {}
        },
        {
          "output_type": "stream",
          "name": "stdout",
          "text": [
            "Saving neg_train.tsv to neg_train.tsv\n",
            "Saving pos_train.tsv to pos_train.tsv\n",
            "Saving negative.fasta to negative.fasta\n",
            "Saving positive.fasta to positive.fasta\n"
          ]
        }
      ]
    },
    {
      "cell_type": "markdown",
      "source": [
        "### DATA PREPARATION: VON HEIJNE DATASETS\n",
        "\n",
        "- Build datasets `von_pos.tsv` and `von_neg.tsv` from FASTA files and training metadata.  \n",
        "- For each sequence ID in the **positive set**:  \n",
        "  - Find the cleavage site from `pos_train`.  \n",
        "  - Extract a 15-aa window around it.  \n",
        "  - Assign the fold number.  \n",
        "  - Set the label to **1**.  \n",
        "  - Save the first 90 aa.  \n",
        "- For each sequence ID in the **negative set**:  \n",
        "  - Match with `neg_train`.  \n",
        "  - Assign the fold number.  \n",
        "  - Set the label to **0**.  \n",
        "  - Save the first 90 aa.  \n",
        "- Finally, load both TSVs back as DataFrames with explicit column names."
      ],
      "metadata": {
        "id": "hm1Gj2uOpXdu"
      }
    },
    {
      "cell_type": "code",
      "source": [
        "# Open training sets as DataFrames\n",
        "pos_train=pd.read_csv('pos_train.tsv', sep='\\t')\n",
        "neg_train=pd.read_csv('neg_train.tsv', sep='\\t')"
      ],
      "metadata": {
        "id": "GrRu03Bppept"
      },
      "execution_count": null,
      "outputs": []
    },
    {
      "cell_type": "code",
      "source": [
        "# Create the positive dataset from the file fasta and training metadata\n",
        "with open('positive.fasta') as pos_fasta:\n",
        "  with open('von_pos.tsv','w') as von_pos:\n",
        "    for line in pos_fasta:\n",
        "      if '>' in line:\n",
        "        id=line[1:].rstrip()\n",
        "        # Find the matching ID\n",
        "        query=pos_train.query('seq_id==@id')\n",
        "        if not query['SP cleavage'].empty:\n",
        "          # Find cleavage position\n",
        "          end=int(query['SP cleavage'].iloc[0])\n",
        "          line=pos_fasta.readline()\n",
        "          # output: ID, 15-aa window around cleavage, fold, label=1, first 90 aa\n",
        "          print(query['seq_id'].iloc[0]+'\\t'+line[end-13:end+2]+'\\t'+str(query['fold'].iloc[0])+'\\t1\\t'+line.rstrip()[:90], file=von_pos)\n"
      ],
      "metadata": {
        "id": "K4gOzA9lrxOr"
      },
      "execution_count": null,
      "outputs": []
    },
    {
      "cell_type": "code",
      "source": [
        "# Create the positive dataset from the file fasta and training metadata\n",
        "with open('negative.fasta') as neg_fasta:\n",
        "  with open('von_neg.tsv','w') as von_neg:\n",
        "    for line in neg_fasta:\n",
        "      if '>' in line:\n",
        "        id=line[1:].rstrip()\n",
        "        # Find the matching ID\n",
        "        query=neg_train.query('seq_id==@id')\n",
        "        if not query.empty:\n",
        "          line=neg_fasta.readline()\n",
        "          # output: ID, fold, label=0, first 90 aa\n",
        "          print(query['seq_id'].iloc[0]+'\\t'+str(query['fold'].iloc[0])+'\\t0\\t'+line.rstrip()[:90], file=von_neg)\n"
      ],
      "metadata": {
        "id": "YFH6cn-Bzy7t"
      },
      "execution_count": null,
      "outputs": []
    },
    {
      "cell_type": "code",
      "source": [
        "# Read positive and negative datasets with respective column names\n",
        "col_pos=['seq_id','SP cleavage', 'fold', 'label', 'start_seq']\n",
        "neg_pos=['seq_id', 'fold', 'label', 'start_seq']\n",
        "von_pos=pd.read_csv('von_pos.tsv', sep='\\t', names=col_pos)\n",
        "von_neg=pd.read_csv('von_neg.tsv', sep='\\t', names=neg_pos)\n",
        "\n",
        "# Merge datasets and check how many sequences are in each fold\n",
        "von_df = pd.concat([von_pos, von_neg])\n",
        "count = von_df['fold'].value_counts()\n",
        "print(count)"
      ],
      "metadata": {
        "id": "abHnabTu04Ln",
        "colab": {
          "base_uri": "https://localhost:8080/"
        },
        "outputId": "39d1ecff-fb56-46ab-8cc4-2455d0dbc848"
      },
      "execution_count": null,
      "outputs": [
        {
          "output_type": "stream",
          "name": "stdout",
          "text": [
            "fold\n",
            "2    1605\n",
            "1    1605\n",
            "3    1604\n",
            "4    1604\n",
            "5    1603\n",
            "Name: count, dtype: int64\n"
          ]
        }
      ]
    },
    {
      "cell_type": "markdown",
      "source": [
        "### PSWM CONSTRUCTION AND SCORING\n",
        "\n",
        "- Extract 16-aa windows (-13,+2) around the cleavage site and count amino acids  \n",
        "- Normalize counts to build PSPM, then convert into  PSWM (log-odds)\n",
        "- Apply PSWM to score sequences and compare positives vs. negatives"
      ],
      "metadata": {
        "id": "jqlaWe9hkFav"
      }
    },
    {
      "cell_type": "code",
      "source": [
        "# Define amino acid list and the positions around cleavage site (-13 to +2)\n",
        "alphabet = list('GAVPLIMFWYSTCNQHDEKR')\n",
        "positions = list(range(-13, 2))\n",
        "\n",
        "# Initialize PSWM matrix with pseudocount=1 (avoid zeros in probability estimates)\n",
        "pswm = np.ones((len(positions), len(alphabet)))\n",
        "print(pswm)"
      ],
      "metadata": {
        "colab": {
          "base_uri": "https://localhost:8080/"
        },
        "id": "_ZHqT2P01oou",
        "outputId": "357502c7-aaa3-4f03-ed7f-658c106f055e"
      },
      "execution_count": null,
      "outputs": [
        {
          "output_type": "stream",
          "name": "stdout",
          "text": [
            "[[1. 1. 1. 1. 1. 1. 1. 1. 1. 1. 1. 1. 1. 1. 1. 1. 1. 1. 1. 1.]\n",
            " [1. 1. 1. 1. 1. 1. 1. 1. 1. 1. 1. 1. 1. 1. 1. 1. 1. 1. 1. 1.]\n",
            " [1. 1. 1. 1. 1. 1. 1. 1. 1. 1. 1. 1. 1. 1. 1. 1. 1. 1. 1. 1.]\n",
            " [1. 1. 1. 1. 1. 1. 1. 1. 1. 1. 1. 1. 1. 1. 1. 1. 1. 1. 1. 1.]\n",
            " [1. 1. 1. 1. 1. 1. 1. 1. 1. 1. 1. 1. 1. 1. 1. 1. 1. 1. 1. 1.]\n",
            " [1. 1. 1. 1. 1. 1. 1. 1. 1. 1. 1. 1. 1. 1. 1. 1. 1. 1. 1. 1.]\n",
            " [1. 1. 1. 1. 1. 1. 1. 1. 1. 1. 1. 1. 1. 1. 1. 1. 1. 1. 1. 1.]\n",
            " [1. 1. 1. 1. 1. 1. 1. 1. 1. 1. 1. 1. 1. 1. 1. 1. 1. 1. 1. 1.]\n",
            " [1. 1. 1. 1. 1. 1. 1. 1. 1. 1. 1. 1. 1. 1. 1. 1. 1. 1. 1. 1.]\n",
            " [1. 1. 1. 1. 1. 1. 1. 1. 1. 1. 1. 1. 1. 1. 1. 1. 1. 1. 1. 1.]\n",
            " [1. 1. 1. 1. 1. 1. 1. 1. 1. 1. 1. 1. 1. 1. 1. 1. 1. 1. 1. 1.]\n",
            " [1. 1. 1. 1. 1. 1. 1. 1. 1. 1. 1. 1. 1. 1. 1. 1. 1. 1. 1. 1.]\n",
            " [1. 1. 1. 1. 1. 1. 1. 1. 1. 1. 1. 1. 1. 1. 1. 1. 1. 1. 1. 1.]\n",
            " [1. 1. 1. 1. 1. 1. 1. 1. 1. 1. 1. 1. 1. 1. 1. 1. 1. 1. 1. 1.]\n",
            " [1. 1. 1. 1. 1. 1. 1. 1. 1. 1. 1. 1. 1. 1. 1. 1. 1. 1. 1. 1.]]\n"
          ]
        }
      ]
    },
    {
      "cell_type": "code",
      "source": [
        "# SwissProt background amino acid frequencies (the order is the same as alphabet)\n",
        "aa_swiss = np.array([\n",
        "    0.0707, 0.0825, 0.0685, 0.0474, 0.0964,\n",
        "    0.0590, 0.0241, 0.0386, 0.0110, 0.0292,\n",
        "    0.0665, 0.0536, 0.0138, 0.0406, 0.0393,\n",
        "    0.0227, 0.0546, 0.0671, 0.0579, 0.0552\n",
        "])"
      ],
      "metadata": {
        "id": "mB6W7Oci8dqX"
      },
      "execution_count": null,
      "outputs": []
    },
    {
      "cell_type": "code",
      "source": [
        "# Function to read sequences from the file in input and add their position-specific amino acid counts to the PSWM\n",
        "def compute_matrix(input_file, alphabet,pswm):\n",
        "  # Read sequences from the file in input and update PSWM counts\n",
        "  with open(input_file) as file:\n",
        "    for line in file:\n",
        "      line = line.rstrip().split(\"\\t\")\n",
        "      seq = line[1]\n",
        "\n",
        "      # Create a temporary matrix for the current sequence (len(seq) x 20 AAs)\n",
        "      M = np.zeros((len(seq), len(alphabet)))\n",
        "\n",
        "      # For each residue, set the corresponding (position, amino acid) entry to 1\n",
        "      for i, res in enumerate(seq):\n",
        "        if res in alphabet:\n",
        "          j = alphabet.index(res)\n",
        "          M[i, j] = 1\n",
        "\n",
        "      # Add this sequence's contribution to the PSWM\n",
        "      pswm += M\n",
        "\n",
        "  return pswm\n",
        "\n",
        "compute_matrix('von_pos.tsv', alphabet, pswm)"
      ],
      "metadata": {
        "colab": {
          "base_uri": "https://localhost:8080/"
        },
        "id": "cGyXuH149cfk",
        "outputId": "b883b5b0-d636-4f0f-f7a9-9ddc31c15cdd"
      },
      "execution_count": null,
      "outputs": [
        {
          "output_type": "execute_result",
          "data": {
            "text/plain": [
              "array([[ 26.,  96., 104.,  15., 335.,  60.,  21.,  73.,  19.,   9.,  50.,\n",
              "         23.,  31.,   1.,   4.,   5.,   4.,   5.,   6.,   7.],\n",
              "       [ 15.,  93.,  95.,  13., 381.,  75.,  16.,  79.,  20.,   7.,  32.,\n",
              "         25.,  23.,   4.,   4.,   4.,   2.,   2.,   3.,   1.],\n",
              "       [ 26.,  92., 116.,  18., 354.,  77.,  19.,  46.,  16.,   4.,  45.,\n",
              "         30.,  29.,   2.,   8.,   5.,   1.,   1.,   1.,   4.],\n",
              "       [ 39.,  93.,  94.,  14., 370.,  59.,  13.,  69.,  12.,   4.,  48.,\n",
              "         25.,  29.,   4.,   6.,   2.,   1.,   3.,   3.,   6.],\n",
              "       [ 49., 160.,  77.,  16., 310.,  36.,  23.,  53.,  11.,   7.,  57.,\n",
              "         26.,  38.,   5.,   5.,   7.,   6.,   4.,   1.,   3.],\n",
              "       [ 36., 144.,  77.,  11., 262.,  39.,  26.,  53.,  16.,  14.,  68.,\n",
              "         45.,  54.,   4.,  20.,   5.,   6.,   7.,   3.,   4.],\n",
              "       [ 44., 111.,  44.,  23., 282.,  47.,  26.,  68.,  24.,  14.,  54.,\n",
              "         36.,  46.,  12.,  20.,   7.,   5.,   8.,  10.,  13.],\n",
              "       [ 30., 139., 134.,  59., 184.,  80.,  23.,  51.,  13.,   9.,  52.,\n",
              "         41.,  30.,   6.,   4.,  11.,   9.,  10.,   3.,   6.],\n",
              "       [106., 140.,  58.,  84.,  63.,  18.,  15.,  17.,  10.,   9., 106.,\n",
              "         74.,  16.,  21.,  49.,  29.,  18.,  28.,  10.,  23.],\n",
              "       [ 99.,  91.,  74.,  79., 139.,  26.,  17.,  34.,   9.,  16.,  94.,\n",
              "         56.,  25.,   7.,  29.,   7.,  21.,  30.,  15.,  26.],\n",
              "       [ 77., 244., 203.,   8.,  29.,  34.,   6.,   5.,   2.,   1., 110.,\n",
              "         79.,  62.,   8.,   3.,   2.,   4.,   5.,   6.,   6.],\n",
              "       [ 34.,  79.,  34.,  12., 121.,  20.,  14.,  23.,  30.,  32., 107.,\n",
              "         34.,  12.,  28.,  82.,  48.,  43.,  68.,  21.,  52.],\n",
              "       [177., 443.,   4.,  30.,  17.,   2.,   5.,   4.,   2.,   4., 104.,\n",
              "         20.,  32.,   3.,  13.,   2.,   6.,   7.,   6.,  13.],\n",
              "       [ 67., 142.,  38.,   6.,  85.,  26.,  15.,  27.,  10.,  33.,  64.,\n",
              "         40.,  17.,  23.,  72.,  23.,  63.,  66.,  45.,  32.],\n",
              "       [ 46.,  40.,  52., 129.,  38.,  31.,   5.,  23.,   9.,  22.,  89.,\n",
              "         53.,  21.,  33.,  42.,  26.,  52.,  86.,  48.,  49.]])"
            ]
          },
          "metadata": {},
          "execution_count": 9
        }
      ]
    },
    {
      "cell_type": "code",
      "source": [
        "# Count positive sequences\n",
        "N = len(von_pos)\n",
        "\n",
        "# Normalization factor (sequences + 20 pseudocounts)\n",
        "norm_factor=20+N\n",
        "\n",
        "# PSWM with probabilities\n",
        "norm_pswm=pswm/norm_factor\n",
        "print(norm_pswm)"
      ],
      "metadata": {
        "colab": {
          "base_uri": "https://localhost:8080/"
        },
        "id": "3zXV9UrlK41x",
        "outputId": "78ff234b-9dd9-42f3-a0c8-dee00ae7feff"
      },
      "execution_count": null,
      "outputs": [
        {
          "output_type": "stream",
          "name": "stdout",
          "text": [
            "[[0.02908277 0.10738255 0.1163311  0.01677852 0.37472036 0.06711409\n",
            "  0.02348993 0.08165548 0.0212528  0.01006711 0.05592841 0.02572707\n",
            "  0.03467562 0.00111857 0.00447427 0.00559284 0.00447427 0.00559284\n",
            "  0.00671141 0.00782998]\n",
            " [0.01677852 0.10402685 0.10626398 0.01454139 0.4261745  0.08389262\n",
            "  0.01789709 0.08836689 0.02237136 0.00782998 0.03579418 0.02796421\n",
            "  0.02572707 0.00447427 0.00447427 0.00447427 0.00223714 0.00223714\n",
            "  0.0033557  0.00111857]\n",
            " [0.02908277 0.10290828 0.12975391 0.02013423 0.39597315 0.08612975\n",
            "  0.0212528  0.05145414 0.01789709 0.00447427 0.05033557 0.03355705\n",
            "  0.03243848 0.00223714 0.00894855 0.00559284 0.00111857 0.00111857\n",
            "  0.00111857 0.00447427]\n",
            " [0.04362416 0.10402685 0.10514541 0.01565996 0.41387025 0.06599553\n",
            "  0.01454139 0.07718121 0.01342282 0.00447427 0.05369128 0.02796421\n",
            "  0.03243848 0.00447427 0.00671141 0.00223714 0.00111857 0.0033557\n",
            "  0.0033557  0.00671141]\n",
            " [0.05480984 0.17897092 0.08612975 0.01789709 0.34675615 0.04026846\n",
            "  0.02572707 0.05928412 0.01230425 0.00782998 0.06375839 0.02908277\n",
            "  0.04250559 0.00559284 0.00559284 0.00782998 0.00671141 0.00447427\n",
            "  0.00111857 0.0033557 ]\n",
            " [0.04026846 0.16107383 0.08612975 0.01230425 0.29306488 0.04362416\n",
            "  0.02908277 0.05928412 0.01789709 0.01565996 0.07606264 0.05033557\n",
            "  0.06040268 0.00447427 0.02237136 0.00559284 0.00671141 0.00782998\n",
            "  0.0033557  0.00447427]\n",
            " [0.049217   0.12416107 0.049217   0.02572707 0.31543624 0.05257271\n",
            "  0.02908277 0.07606264 0.02684564 0.01565996 0.06040268 0.04026846\n",
            "  0.05145414 0.01342282 0.02237136 0.00782998 0.00559284 0.00894855\n",
            "  0.01118568 0.01454139]\n",
            " [0.03355705 0.15548098 0.14988814 0.06599553 0.20581655 0.08948546\n",
            "  0.02572707 0.05704698 0.01454139 0.01006711 0.05816555 0.0458613\n",
            "  0.03355705 0.00671141 0.00447427 0.01230425 0.01006711 0.01118568\n",
            "  0.0033557  0.00671141]\n",
            " [0.11856823 0.15659955 0.06487696 0.09395973 0.0704698  0.02013423\n",
            "  0.01677852 0.01901566 0.01118568 0.01006711 0.11856823 0.08277405\n",
            "  0.01789709 0.02348993 0.05480984 0.03243848 0.02013423 0.03131991\n",
            "  0.01118568 0.02572707]\n",
            " [0.11073826 0.10178971 0.08277405 0.08836689 0.15548098 0.02908277\n",
            "  0.01901566 0.03803132 0.01006711 0.01789709 0.10514541 0.06263982\n",
            "  0.02796421 0.00782998 0.03243848 0.00782998 0.02348993 0.03355705\n",
            "  0.01677852 0.02908277]\n",
            " [0.08612975 0.27293065 0.22706935 0.00894855 0.03243848 0.03803132\n",
            "  0.00671141 0.00559284 0.00223714 0.00111857 0.12304251 0.08836689\n",
            "  0.06935123 0.00894855 0.0033557  0.00223714 0.00447427 0.00559284\n",
            "  0.00671141 0.00671141]\n",
            " [0.03803132 0.08836689 0.03803132 0.01342282 0.13534676 0.02237136\n",
            "  0.01565996 0.02572707 0.03355705 0.03579418 0.1196868  0.03803132\n",
            "  0.01342282 0.03131991 0.0917226  0.05369128 0.04809843 0.07606264\n",
            "  0.02348993 0.05816555]\n",
            " [0.19798658 0.49552573 0.00447427 0.03355705 0.01901566 0.00223714\n",
            "  0.00559284 0.00447427 0.00223714 0.00447427 0.1163311  0.02237136\n",
            "  0.03579418 0.0033557  0.01454139 0.00223714 0.00671141 0.00782998\n",
            "  0.00671141 0.01454139]\n",
            " [0.07494407 0.15883669 0.04250559 0.00671141 0.0950783  0.02908277\n",
            "  0.01677852 0.03020134 0.01118568 0.03691275 0.07158837 0.04474273\n",
            "  0.01901566 0.02572707 0.08053691 0.02572707 0.0704698  0.0738255\n",
            "  0.05033557 0.03579418]\n",
            " [0.05145414 0.04474273 0.05816555 0.1442953  0.04250559 0.03467562\n",
            "  0.00559284 0.02572707 0.01006711 0.0246085  0.09955257 0.05928412\n",
            "  0.02348993 0.03691275 0.04697987 0.02908277 0.05816555 0.09619687\n",
            "  0.05369128 0.05480984]]\n"
          ]
        }
      ]
    },
    {
      "cell_type": "code",
      "source": [
        "# Compare PSWM frequencies with Swiss-Prot amino acid frequencies\n",
        "PSWM = np.log2(norm_pswm / aa_swiss)\n",
        "print(\"PSWM log-odds:\\n\", PSWM)"
      ],
      "metadata": {
        "colab": {
          "base_uri": "https://localhost:8080/"
        },
        "id": "TwM0KBQpN3N1",
        "outputId": "244d43d7-d231-4598-a44e-b379204179b0"
      },
      "execution_count": null,
      "outputs": [
        {
          "output_type": "stream",
          "name": "stdout",
          "text": [
            "PSWM log-odds:\n",
            " [[-1.28154533  0.38029355  0.7640609  -1.49827129  1.95870931  0.18590081\n",
            "  -0.03699056  1.08094888  0.95014916 -1.5363182  -0.24977298 -1.05894588\n",
            "   1.32925321 -5.18175456 -3.13480414 -2.02103903 -3.60917578 -3.5846595\n",
            "  -3.10887568 -2.81758818]\n",
            " [-2.07509445  0.33448986  0.63347679 -1.70472217  2.14433921  0.5078289\n",
            "  -0.42930798  1.19490507  1.02414974 -1.89888828 -0.89362917 -0.93865164\n",
            "   0.89861886 -3.18175456 -3.13480414 -2.34296713 -4.60917578 -4.9065876\n",
            "  -4.10887568 -5.6249431 ]\n",
            " [-1.28154533  0.31889301  0.92160218 -1.23523689  2.03829757  0.54579675\n",
            "  -0.18138046  0.41468628  0.70222164 -2.7062432  -0.40177608 -0.67561724\n",
            "   1.2330379  -4.18175456 -2.13480414 -2.02103903 -5.60917578 -5.9065876\n",
            "  -5.69383818 -3.6249431 ]\n",
            " [-0.69658283  0.33448986  0.61821003 -1.59780697  2.10207348  0.16165326\n",
            "  -0.72886826  0.99964878  0.28718415 -2.7062432  -0.30866667 -0.93865164\n",
            "   1.2330379  -3.18175456 -2.54984164 -3.34296713 -5.60917578 -4.3216251\n",
            "  -4.10887568 -3.0399806 ]\n",
            " [-0.3672752   1.11725914  0.33040772 -1.40516189  1.84681643 -0.55106478\n",
            "   0.09425398  0.61904478  0.16165326 -1.89888828 -0.06073916 -0.88206811\n",
            "   1.62298442 -2.85982646 -2.81287605 -1.53561221 -3.02421328 -3.9065876\n",
            "  -5.69383818 -4.0399806 ]\n",
            " [-0.81206005  0.96525605  0.33040772 -1.94573027  1.60411502 -0.43558757\n",
            "   0.27113174  0.61904478  0.70222164 -0.89888828  0.19383367 -0.09065474\n",
            "   2.1299444  -3.18175456 -0.81287605 -2.02103903 -3.02421328 -3.09923268\n",
            "  -4.10887568 -3.6249431 ]\n",
            " [-0.52255343  0.58974692 -0.4769472  -0.88159993  1.71024337 -0.16640093\n",
            "   0.27113174  0.97858716  1.28718415 -0.89888828 -0.13874167 -0.41258283\n",
            "   1.89861886 -1.59679206 -0.81287605 -1.53561221 -3.28724769 -2.9065876\n",
            "  -2.37191008 -1.92450338]\n",
            " [-1.07509445  0.91427212  1.12971037  0.47748116  1.09425398  0.60093831\n",
            "   0.09425398  0.56354966  0.40266136 -1.5363182  -0.19318945 -0.22495583\n",
            "   1.2819475  -2.59679206 -3.13480414 -0.88353551 -2.43925078 -2.5846595\n",
            "  -4.10887568 -3.0399806 ]\n",
            " [ 0.74593541  0.92461407 -0.07839782  0.98715553 -0.45202805 -1.55106478\n",
            "  -0.52241738 -1.02141284  0.02414974 -1.5363182   0.83429128  0.62694553\n",
            "   0.3750569  -0.78943714  0.4799057   0.51501387 -1.43925078 -1.09923268\n",
            "  -2.37191008 -1.10138114]\n",
            " [ 0.64737157  0.30312569  0.27307455  0.89861886  0.68963309 -1.02055007\n",
            "  -0.34184514 -0.02141284 -0.12785335 -0.7062432   0.66095968  0.22484709\n",
            "   1.01891309 -2.37439964 -0.27682315 -1.53561221 -1.21685836 -0.999697\n",
            "  -1.78694758 -0.92450338]\n",
            " [ 0.28480149  1.72606839  1.7289571  -2.40516189 -1.57132698 -0.63352694\n",
            "  -1.84434548 -2.78694758 -2.29777836 -4.7062432   0.88773054  0.72127292\n",
            "   2.32925321 -2.18175456 -3.54984164 -3.34296713 -3.60917578 -3.5846595\n",
            "  -3.10887568 -3.0399806 ]\n",
            " [-0.89452221  0.0991118  -0.84891598 -1.82019939  0.48955526 -1.39906169\n",
            "  -0.62195306 -0.58531372  1.60911224  0.2937568   0.84783781 -0.49504499\n",
            "  -0.0399806  -0.37439964  1.22274786  1.24199537 -0.18291103  0.18087524\n",
            "  -1.30152076  0.07549662]\n",
            " [ 1.4856205   2.58649394 -3.93637882 -0.49827129 -2.34184514 -4.72098979\n",
            "  -2.10737988 -3.10887568 -2.29777836 -2.7062432   0.80681055 -1.26057974\n",
            "   1.3750569  -3.59679206 -1.43436443 -3.34296713 -3.02421328 -3.09923268\n",
            "  -3.10887568 -1.92450338]\n",
            " [ 0.08410414  0.94507817 -0.68845131 -2.82019939 -0.01991704 -1.02055007\n",
            "  -0.52241738 -0.35398818  0.02414974  0.33815092  0.10637083 -0.26057974\n",
            "   0.46251974 -0.6581926   1.03512086  0.18059483  0.36810414  0.13780652\n",
            "  -0.20198508 -0.6249431 ]\n",
            " [-0.45842309 -0.88274086 -0.2359391   1.60606536 -1.18138046 -0.76679348\n",
            "  -2.10737988 -0.58531372 -0.12785335 -0.24681158  0.58210426  0.14541262\n",
            "   0.76737432 -0.13736044  0.25751328  0.35747259  0.09126394  0.51967716\n",
            "  -0.10887568 -0.01023325]]\n"
          ]
        }
      ]
    },
    {
      "cell_type": "code",
      "source": [
        "# Convert PSWM matrix into a DataFrame\n",
        "df_pswm = pd.DataFrame(PSWM.T, index=alphabet, columns=[f\"{i+1}\" for i in range(PSWM.shape[0])])\n",
        "\n",
        "# Plot the heatmap of log-odds values\n",
        "plt.figure(figsize=(15, 10))\n",
        "sns.heatmap(df_pswm,\n",
        "            cmap='RdBu',\n",
        "            vmin=-1, vmax=1, center=0,\n",
        "            annot=True, fmt=\".2f\",\n",
        "            linewidths=.5, square=True,\n",
        "            cbar_kws={\"shrink\": .8},\n",
        "            annot_kws={'size': 8})\n",
        "\n",
        "plt.title(\"Heatmap PSWM\", fontsize=16, pad=20)\n",
        "plt.xlabel(\"Position in Window\")\n",
        "plt.ylabel(\"Residue\")\n",
        "plt.tight_layout()\n",
        "plt.show()"
      ],
      "metadata": {
        "colab": {
          "base_uri": "https://localhost:8080/",
          "height": 922
        },
        "id": "_SfMAKOzlnW-",
        "outputId": "9cd50118-8c82-4a44-e540-efed5aed988d"
      },
      "execution_count": null,
      "outputs": [
        {
          "output_type": "display_data",
          "data": {
            "text/plain": [
              "<Figure size 1500x1000 with 2 Axes>"
            ],
